15000
75
267 31 523 200 1 3
267 31 523 200 1 3
267 31 523 200 1 3
267 31 523 200 1 3
267 31 523 200 1 3
267 31 523 200 1 3
267 31 523 200 1 3
267 31 523 200 1 3
267 31 523 200 1 3
267 31 523 200 1 3
267 31 523 200 1 3
267 31 523 200 1 3
267 31 523 200 1 3
267 31 523 200 1 3
267 31 523 200 1 3
267 31 523 200 1 3
267 31 523 200 1 3
267 31 523 200 1 3
267 31 523 200 1 3
267 31 523 200 1 3
267 31 523 200 1 3
267 31 523 200 1 3
267 31 523 200 1 3
267 31 523 200 1 3
267 31 523 200 1 3
267 31 523 200 1 3
267 31 523 200 1 3
267 31 523 200 1 3
267 31 523 200 1 3
267 31 523 200 1 3
267 31 523 200 1 3
267 31 523 200 1 3
267 31 523 200 1 3
267 31 523 200 1 3
267 31 523 200 1 3
267 31 523 200 1 3
267 31 523 200 1 3
267 31 523 200 1 3
267 31 523 200 1 3
267 31 523 200 1 3
267 31 523 200 1 3
267 31 523 200 1 3
267 31 523 200 1 3
267 31 523 200 1 3
267 31 523 200 1 3
267 31 523 200 1 3
267 31 523 200 1 3
267 31 523 200 1 3
267 31 523 200 1 3
267 31 523 200 1 3
267 31 523 200 1 3
267 31 523 200 1 3
267 31 523 200 1 3
267 31 523 200 1 3
267 31 523 200 1 3
267 31 523 200 1 3
267 31 523 200 1 3
267 31 523 200 1 3
267 31 523 200 1 3
267 31 523 200 1 3
267 31 523 200 1 3
267 31 523 200 1 3
267 31 523 200 1 3
267 31 523 200 1 3
267 31 523 200 1 3
267 31 523 200 1 3
267 31 523 200 1 3
267 31 523 200 1 3
267 31 523 200 1 3
267 31 523 200 1 3
267 31 523 200 1 3
267 31 523 200 1 3
267 31 523 200 1 3
267 31 523 200 1 3
267 31 523 200 1 3
